伀壒尮偵柍偄
_偄偉偄偉備傛偄偉傛傛.wav=偍 丒,5087,110,1160,100,100
_偆偋偆傫傢傫偆.wav=偆 丒,4708,110,1287,100,100

- 偰偂
i 偰偂

_偢偢偠偧偞偧偠.wav=o 偠,4128,450,-600,300,100
伀偟偐側偄
_偫偫偯偩偱偫偱伀.wav=i 偠2伀,1163,450,-700,300,100
_偫偫偯偩偱偫偱伀.wav=i 偢伀,1772,450,-700,300,100
_偫偫偯偩偱偫偱伀.wav=e 偠2伀,3536,450,-700,300,100

_傫偄傫偊傫偍傫伀.wav=n 丒伀,4623,110,1149,100,100

僟僽傝

_償偀償偀償偂償偀償償偉償偀伀.wav=- 償偀伀,572,450,-700,300,100
_償偀償偀償偂償偀償償偉償偀伀.wav=a 償偀伀,1172,450,-700,300,100
_償偀償偀償偂償偀償償偉償偀伀.wav=a 償偂伀,1772,450,-700,300,100
_償偀償偀償偂償偀償償偉償偀伀.wav=i 償偀伀,2372,450,-700,300,100
_償偀償偀償偂償偀償償偉償偀伀.wav=a 償伀,2972,450,-700,300,100
_償偀償偀償偂償偀償償偉償偀伀.wav=u 償偉伀,3572,450,-700,300,100
_償偀償偀償偂償偀償償偉償偀伀.wav=e 償偀伀,4172,450,-700,300,100

_償偂償偂償償偀償偉償偂償偉伀.wav=i 償偂2伀,1172,450,-700,300,100
_償偂償偂償償偀償偉償偂償偉伀.wav=i 償伀,1772,450,-700,300,100
_償偂償偂償償偀償偉償偂償偉伀.wav=u 償偀伀,2372,450,-700,300,100
_償偂償偂償償偀償偉償偂償偉伀.wav=a 償偉伀,2972,450,-700,300,100
_償偂償偂償償偀償偉償偂償偉伀.wav=e 償偂2伀,3572,450,-700,300,100
_償偂償偂償償偀償偉償偂償偉伀.wav=i 償偉伀,4172,450,-700,300,100

_償偂償偂償傘償傖償偂偉償偂償偂偉伀.wav=- 償偂伀,572,450,-700,300,100
_償偂償偂償傘償傖償偂偉償偂償偂偉伀.wav=i 償偂伀,1172,450,-700,300,100
_償偂償偂償傘償傖償偂偉償偂償偂偉伀.wav=i 償傘伀,1772,450,-700,300,100
_償偂償偂償傘償傖償偂偉償偂償偂偉伀.wav=u 償傖伀,2372,450,-700,300,100
_償偂償偂償傘償傖償偂偉償偂償偂偉伀.wav=a 償偂偉伀,2972,450,-700,300,100
_償偂償偂償傘償傖償偂偉償偂償偂偉伀.wav=e 償偂伀,3572,450,-700,300,100
_償偂償偂償傘償傖償偂偉償偂償偂偉伀.wav=i 償偂偉伀,4172,450,-700,300,100

_償偂偉償偂偉償傘償傚償偂偉償傚償傚伀.wav=- 償偂偉伀,572,450,-700,300,100
_償偂偉償偂偉償傘償傚償偂偉償傚償傚伀.wav=e 償偂偉伀,1172,450,-700,300,100
_償偂偉償偂偉償傘償傚償偂偉償傚償傚伀.wav=e 償傘伀,1772,450,-700,300,100
_償偂偉償偂偉償傘償傚償偂偉償傚償傚伀.wav=u 償傚伀,2372,450,-700,300,100
_償偂偉償偂偉償傘償傚償偂偉償傚償傚伀.wav=o 償偂偉伀,2972,450,-700,300,100
_償偂偉償偂偉償傘償傚償偂偉償傚償傚伀.wav=e 償傚伀,3572,450,-700,300,100
_償偂偉償偂偉償傘償傚償偂偉償傚償傚伀.wav=o 償傚伀,4172,450,-700,300,100


_償償償偂償偋償偀償偋償偂伀.wav=- 償伀,572,450,-700,300,100
_償償償偂償偋償偀償偋償偂伀.wav=u 償伀,1172,450,-700,300,100
_償償償偂償偋償偀償偋償偂伀.wav=u 償偂2伀,1772,450,-700,300,100
_償償償偂償偋償偀償偋償偂伀.wav=i 償偋伀,2372,450,-700,300,100
_償償償偂償偋償偀償偋償偂伀.wav=o 償偀伀,2972,450,-700,300,100
_償償償偂償偋償偀償偋償偂伀.wav=a 償偋伀,3572,450,-700,300,100
_償償償偂償偋償偀償偋償偂伀.wav=o 償偂2伀,4172,450,-700,300,100


_償偉償偉償償偋償偉償偋償偋伀.wav=- 償偉伀,572,450,-700,300,100
_償偉償偉償償偋償偉償偋償偋伀.wav=e 償偉伀,1172,450,-700,300,100
_償偉償偉償償偋償偉償偋償偋伀.wav=e 償伀,1772,450,-700,300,100
_償偉償偉償償偋償偉償偋償偋伀.wav=u 償偋伀,2372,450,-700,300,100
_償偉償偉償償偋償偉償偋償偋伀.wav=o 償偉伀,2972,450,-700,300,100
_償偉償偉償償偋償偉償偋償偋伀.wav=e 償偋伀,3572,450,-700,300,100
_償偉償偉償償偋償偉償偋償偋伀.wav=o 償偋伀,4172,450,-700,300,100


_償偋償傫償偀傫償伀.wav=- 償偋伀,572,450,-700,300,100
_償偋償傫償偀傫償伀.wav=o 償伀,1172,450,-700,300,100
_償偋償傫償偀傫償伀.wav=n 償偀伀,2372,450,-700,300,100
_償偋償傫償偀傫償伀.wav=n 償伀,3572,450,-700,300,100

_償傖償傖償偂償傖償傘償偂偉償傖伀.wav=- 償傖伀,572,450,-700,300,100
_償傖償傖償偂償傖償傘償偂偉償傖伀.wav=a 償傖伀,1172,450,-700,300,100
_償傖償傖償偂償傖償傘償偂偉償傖伀.wav=a 償偂2伀,1772,450,-700,300,100
_償傖償傖償偂償傖償傘償偂偉償傖伀.wav=i 償傖伀,2372,450,-700,300,100
_償傖償傖償偂償傖償傘償偂偉償傖伀.wav=a 償傘伀,2972,450,-700,300,100
_償傖償傖償偂償傖償傘償偂偉償傖伀.wav=u 償偂偉伀,3572,450,-700,300,100
_償傖償傖償偂償傖償傘償偂偉償傖伀.wav=e 償傖伀,4172,450,-700,300,100


_償傘償傘償偂償傚償傖償傚償偂伀.wav=- 償傘伀,572,450,-700,300,100
_償傘償傘償偂償傚償傖償傚償偂伀.wav=u 償傘伀,1172,450,-700,300,100
_償傘償傘償偂償傚償傖償傚償偂伀.wav=u 償偂伀,1772,450,-700,300,100
_償傘償傘償偂償傚償傖償傚償偂伀.wav=i 償傚伀,2372,450,-700,300,100
_償傘償傘償偂償傚償傖償傚償偂伀.wav=o 償傖伀,2972,450,-700,300,100
_償傘償傘償偂償傚償傖償傚償偂伀.wav=a 償傚伀,3572,450,-700,300,100
_償傘償傘償偂償傚償傖償傚償偂伀.wav=o 償偂伀,4172,450,-700,300,100


_償傚償傘傫償傖傫償傘伀.wav=- 償傚伀,572,450,-700,300,100
_償傚償傘傫償傖傫償傘伀.wav=o 償傘伀,1172,450,-700,300,100
_償傚償傘傫償傖傫償傘伀.wav=n 償傖伀,2372,450,-700,300,100
_償傚償傘傫償傖傫償傘伀.wav=n 償傘伀,3572,450,-700,300,100

_偢偂偢偂偢傘偢傖偢偂偉偢偂偢偂偉伀.wav=- 偢偂伀,486,450,-700,300,100

_偫偉偫偉偫傘偫傚偫偉偫傚偫傚伀.wav=- 偠偉伀,572,450,-700,300,100
_偫偉偫偉偫傘偫傚偫偉偫傚偫傚伀.wav=e 偠偉伀,1138,450,-700,300,100
_偫偉偫偉偫傘偫傚偫偉偫傚偫傚伀.wav=e 偠傘伀,1736,450,-700,300,100
_偫偉偫偉偫傘偫傚偫偉偫傚偫傚伀.wav=u 偠傚伀,2326,450,-700,300,100
_偫偉偫偉偫傘偫傚偫偉偫傚偫傚伀.wav=o 偠偉伀,2911,450,-700,300,100
_偫偉偫偉偫傘偫傚偫偉偫傚偫傚伀.wav=e 偠傚伀,3502,450,-700,300,100
_偫偉偫偉偫傘偫傚偫偉偫傚偫傚伀.wav=o 偠傚伀,4109,450,-700,300,100


_偫偫偫傘偫傖偫偉偫偫偉伀.wav=- 偠伀,482,450,-700,300,100
_偫偫偫傘偫傖偫偉偫偫偉伀.wav=i 偠伀,1077,450,-700,300,100
_偫偫偫傘偫傖偫偉偫偫偉伀.wav=i 偠傘伀,1705,450,-700,300,100
_偫偫偫傘偫傖偫偉偫偫偉伀.wav=u 偠傖伀,2289,450,-700,300,100
_偫偫偫傘偫傖偫偉偫偫偉伀.wav=a 偠偉伀,2898,450,-700,300,100
_偫偫偫傘偫傖偫偉偫偫偉伀.wav=e 偠伀,3496,450,-700,300,100
_偫偫偫傘偫傖偫偉偫偫偉伀.wav=i 偠偉伀,4084,450,-700,300,100

_偫傖偫傖偫偫傖偫傘偫偉偫傖伀.wav=- 偠傖伀,520,450,-700,300,100
_偫傖偫傖偫偫傖偫傘偫偉偫傖伀.wav=a 偠傖伀,1103,450,-700,300,100
_偫傖偫傖偫偫傖偫傘偫偉偫傖伀.wav=a 偠2伀,1732,450,-700,300,100
_偫傖偫傖偫偫傖偫傘偫偉偫傖伀.wav=i 偠傖伀,2298,450,-700,300,100
_偫傖偫傖偫偫傖偫傘偫偉偫傖伀.wav=a 偠傘伀,2891,450,-700,300,100
_偫傖偫傖偫偫傖偫傘偫偉偫傖伀.wav=u 偠偉伀,3491,450,-700,300,100
_偫傖偫傖偫偫傖偫傘偫偉偫傖伀.wav=e 偠傖伀,4096,450,-700,300,100

_偫傘偫傘偫偫傚偫傖偫傚偫伀.wav=- 偠傘伀,578,450,-700,300,100
_偫傘偫傘偫偫傚偫傖偫傚偫伀.wav=u 偠傘伀,1141,450,-700,300,100
_偫傘偫傘偫偫傚偫傖偫傚偫伀.wav=u 偠伀,1725,450,-700,300,100
_偫傘偫傘偫偫傚偫傖偫傚偫伀.wav=i 偠傚伀,2313,450,-700,300,100
_偫傘偫傘偫偫傚偫傖偫傚偫伀.wav=o 偠傖伀,2931,450,-700,300,100
_偫傘偫傘偫偫傚偫傖偫傚偫伀.wav=a 偠傚伀,3531,450,-700,300,100
_偫傘偫傘偫偫傚偫傖偫傚偫伀.wav=o 偠伀,4168,450,-700,300,100


_偫傚偫傘傫偫傖傫偫傘伀.wav=- 偠傚伀,566,450,-700,300,100
_偫傚偫傘傫偫傖傫偫傘伀.wav=o 偠傘伀,1158,450,-700,300,100
_偫傚偫傘傫偫傖傫偫傘伀.wav=n 偠傖伀,2372,450,-700,300,100
_偫傚偫傘傫偫傖傫偫傘伀.wav=n 偠傘伀,3572,450,-700,300,100